103
190
736
775
728
236
35
743
51
661
345
860
858
170
342
326
622
537
433
404
157
786
694
878
805
587
741
428
793
274
771
934
526
47
891
178
463
274
64
318
251
844
928
702
52
47
337
263
830
932
270
653
511
330
668
830
626
397
871
359
37
440
362
494
879
268
904
15
454
398
312
752
193
207
588
795
712
886
496
223
358
629
138
654
390
270
345
657
952
256
85
767
821
729
695
403
454
996
370
630
546
170
17
173
815
108
758
125
959
63
913
7
171
944
224
594
754
782
565
239
592
774
317
413
682
74
841
773
860
616
284
987
399
193
650
29
859
243
742
311
729
77
272
364
998
123
294
375
722
273
181
125
430
125
488
372
232
13
148
798
973
392
517
92
437
397
969
813
155
262
432
725
263
344
646
232
749
137
948
439
986
801
905
745
237
936
382
365
295
222
54
631
832
8
523
784
710
606
550
562
460
306
785
730
715
269
679
629
47
345
163
307
690
604
95
941
938
612
80
738
570
412
577
423
768
160
641
745
300
21
726
514
782
678
295
704
327
739
646
672
792
630
869
171
339
219
873
733
784
626
804
404
825
547
590
477
305
692
535
277
560
570
121
174
531
382
951
623
185
247
936
463
950
320
946
922
494
430
542
232
229
827
860
810
923
614
367
891
805
256
522
775
243
657
360
13
377
428
652
181
69
687
589
721
278
336
738
446
137
499
719
245
660
434
787
756
159
708
929
883
506
346
254
424
865
590
960
919
573
368
963
635
106
460
399
224
530
156
929
964
628
184
142
639
264
11
625
356
220
20
579
186
614
338
267
156
26
679
801
154
257
411
485
160
790
67
454
306
39
895
376
877
134
743
234
287
517
118
8
474
241
531
368
619
8
503
368
85
771
803
460
895
15
25
292
489
805
813
711
825
321
299
530
803
93
702
251
369
901
865
513
708
109
686
335
805
167
584
629
573
527
96
369
57
336
636
911
852
739
841
946
910
850
213
442
261
336
666
316
473
287
185
529
242
965
776
718
667
743
787
276
343
208
170
392
85
34
297
122
517
651
472
352
615
943
392
686
196
83
922
560
154
203
818
220
229
369
21
329
514
322
786
169
947
347
383
415
744
786
341
865
154
995
70
434
582
866
428
135
923
186
505
821
453
697
280
742
762
457
216
864
12
696
143
225
755
879
46
855
160
75
9
88
29
833
474
515
654
884
759
48
269
25
377
762
807
595
103
408
377
130
592
281
757
161
183
345
844
484
7
938
280
370
505
704
376
66
753
488
752
12
114
367
829
173
147
92
589
593
683
396
675
995
990
949
428
396
509
185
830
276
235
988
227
684
344
151
215
315
132
229
291
517
417
181
345
785
540
399
481
391
269
351
878
75
599
228
305
160
107
294
584
762
755
60
309
359
624
462
764
126
739
499
328
883
621
582
94
156
288
483
573
680
635
764
603
295
541
72
894
848
339
568
727
794
225
635
99
364
819
934
684
86
902
256
421
623
842
514
976
723
730
323
596
838
235
711
121
628
104
268
453
943
518
62
344
448
861
594
567
72
884
428
249
756
14
684
609
658
13
317
882
559
690
463
91
469
683
45
964
19
352
410
120
618
248
983
451
157
171
175
905
786
677
285
516
769
647
136
961
144
389
44
948
832
941
554
966
235
216
769
478
641
839
420
967
962
485
636
88
35
560
393
353
248
161
79
577
580
283
860
980
890
884
960
507
837
869
127
577
318
699
195
60
303
202
737
625
942
433
646
873
641
417
915
652
487
250
200
622
830
271
648
68
220
198
728
235
148
372
193
621
134
431
925
139
813
993
327
517
391
297
724
986
905
134
937
701
92
846
271
557
660
200
291
852
408
508
3
171
135
78
48
454
375
6
435
901
356
912
619
135
953
736
678
438
631
52
918
33
891
44
944
487
401
386
844
775
323
777
128
750
360
88
254
608
194
99
630
125
361
708
797
818
364
59
524
414
856
341
744
214
101
136
541
429
112
427
528
414
479
914
350
22
874
207
320
876
628
262
573
704
28
147
455
951
404
807
490
883
186
803
310
450
927
110
598
913
494
61
848
402
642
976
715
131
953
1
697
932
130
60
94
422
114
227
100
720
381
307
790
671
562
476
268
614
414
518
924
957
258
701
722
78
913
78
592
48
859
94
255
632
795
190
645
111
544
300
246
200
66
805
822
984
564
476
716
2
573
548
77
967
268
55
157
453
449
384
998
972
174
264
335
220
400
783
650
2
73
690
7
945
323
334
263
97
42
496
211
927
